Model: Apertus-8B-2509
Trait: evil_character_neutral_q
Layer: 16
Vec type: response_avg_diff

Pairwise cosine similarity matrix:
                                   step50000-tokens210Bstep100000-tokens420Bstep150000-tokens630Bstep200000-tokens840Bstep250000-tokens1050Bstep300000-tokens1260Bstep400000-tokens1680Bstep500000-tokens2100Bstep700000-tokens2940Bstep1000000-tokens4200Bstep1432000-tokens6014Bstep1750000-tokens7652Bstep2100000-tokens10592Bstep2400000-tokens13112Bstep2627139-tokens15T      main
step50000-tokens210B                    1.000     0.792     0.816     0.746     0.779     0.773     0.759     0.755     0.746     0.677     0.636     0.588     0.612     0.578     0.532     0.486
step100000-tokens420B                   0.792     1.000     0.828     0.911     0.843     0.860     0.838     0.815     0.787     0.734     0.682     0.642     0.603     0.601     0.576     0.535
step150000-tokens630B                   0.816     0.828     1.000     0.844     0.928     0.885     0.866     0.818     0.812     0.680     0.671     0.610     0.640     0.628     0.562     0.485
step200000-tokens840B                   0.746     0.911     0.844     1.000     0.890     0.914     0.888     0.855     0.829     0.754     0.716     0.667     0.630     0.637     0.598     0.541
step250000-tokens1050B                  0.779     0.843     0.928     0.890     1.000     0.924     0.902     0.852     0.851     0.736     0.707     0.655     0.666     0.648     0.590     0.521
step300000-tokens1260B                  0.773     0.860     0.885     0.914     0.924     1.000     0.931     0.908     0.876     0.776     0.748     0.689     0.668     0.678     0.625     0.565
step400000-tokens1680B                  0.759     0.838     0.866     0.888     0.902     0.931     1.000     0.926     0.895     0.802     0.775     0.696     0.688     0.694     0.649     0.604
step500000-tokens2100B                  0.755     0.815     0.818     0.855     0.852     0.908     0.926     1.000     0.908     0.826     0.804     0.723     0.704     0.716     0.673     0.630
step700000-tokens2940B                  0.746     0.787     0.812     0.829     0.851     0.876     0.895     0.908     1.000     0.874     0.840     0.776     0.761     0.739     0.705     0.650
step1000000-tokens4200B                 0.677     0.734     0.680     0.754     0.736     0.776     0.802     0.826     0.874     1.000     0.865     0.839     0.782     0.753     0.754     0.720
step1432000-tokens6014B                 0.636     0.682     0.671     0.716     0.707     0.748     0.775     0.804     0.840     0.865     1.000     0.848     0.821     0.836     0.815     0.766
step1750000-tokens7652B                 0.588     0.642     0.610     0.667     0.655     0.689     0.696     0.723     0.776     0.839     0.848     1.000     0.874     0.809     0.813     0.790
step2100000-tokens10592B                0.612     0.603     0.640     0.630     0.666     0.668     0.688     0.704     0.761     0.782     0.821     0.874     1.000     0.835     0.819     0.786
step2400000-tokens13112B                0.578     0.601     0.628     0.637     0.648     0.678     0.694     0.716     0.739     0.753     0.836     0.809     0.835     1.000     0.924     0.848
step2627139-tokens15T                   0.532     0.576     0.562     0.598     0.590     0.625     0.649     0.673     0.705     0.754     0.815     0.813     0.819     0.924     1.000     0.940
main                                    0.486     0.535     0.485     0.541     0.521     0.565     0.604     0.630     0.650     0.720     0.766     0.790     0.786     0.848     0.940     1.000

Similarity to main:
  step2627139-tokens15T                0.9403
  step2400000-tokens13112B             0.8481
  step1750000-tokens7652B              0.7898
  step2100000-tokens10592B             0.7859
  step1432000-tokens6014B              0.7660
  step1000000-tokens4200B              0.7204
  step700000-tokens2940B               0.6501
  step500000-tokens2100B               0.6299
  step400000-tokens1680B               0.6038
  step300000-tokens1260B               0.5651
  step200000-tokens840B                0.5412
  step100000-tokens420B                0.5354
  step250000-tokens1050B               0.5206
  step50000-tokens210B                 0.4861
  step150000-tokens630B                0.4851
