Model: Olmo-3-1025-7B
Trait: evil_character_neutral_q
Layer: 16
Vec type: response_avg_diff

Pairwise cosine similarity matrix:
                                      s1-3000   s1-5000   s1-7000   s1-9000  s1-10000  s1-15000  s1-20000  s1-30000  s1-50000  s1-99000 s1-297000 s1-707000s1-1413814  s2-47684  s3-11921      main
stage1-step3000                         1.000     0.550     0.504     0.438     0.437     0.412     0.408     0.348     0.336     0.307     0.264     0.190     0.166     0.153     0.166     0.170
stage1-step5000                         0.550     1.000     0.749     0.661     0.668     0.622     0.612     0.535     0.485     0.462     0.378     0.305     0.270     0.252     0.289     0.290
stage1-step7000                         0.504     0.749     1.000     0.781     0.775     0.740     0.725     0.648     0.594     0.558     0.460     0.370     0.339     0.337     0.355     0.358
stage1-step9000                         0.438     0.661     0.781     1.000     0.866     0.826     0.746     0.692     0.605     0.608     0.460     0.369     0.330     0.328     0.350     0.350
stage1-step10000                        0.437     0.668     0.775     0.866     1.000     0.861     0.783     0.735     0.650     0.635     0.503     0.409     0.375     0.364     0.388     0.389
stage1-step15000                        0.412     0.622     0.740     0.826     0.861     1.000     0.852     0.809     0.726     0.690     0.552     0.445     0.407     0.395     0.418     0.420
stage1-step20000                        0.408     0.612     0.725     0.746     0.783     0.852     1.000     0.865     0.814     0.711     0.606     0.488     0.453     0.452     0.463     0.465
stage1-step30000                        0.348     0.535     0.648     0.692     0.735     0.809     0.865     1.000     0.866     0.774     0.637     0.527     0.493     0.477     0.501     0.503
stage1-step50000                        0.336     0.485     0.594     0.605     0.650     0.726     0.814     0.866     1.000     0.804     0.700     0.580     0.554     0.543     0.558     0.560
stage1-step99000                        0.307     0.462     0.558     0.608     0.635     0.690     0.711     0.774     0.804     1.000     0.756     0.637     0.585     0.558     0.594     0.596
stage1-step297000                       0.264     0.378     0.460     0.460     0.503     0.552     0.606     0.637     0.700     0.756     1.000     0.806     0.744     0.721     0.717     0.725
stage1-step707000                       0.190     0.305     0.370     0.369     0.409     0.445     0.488     0.527     0.580     0.637     0.806     1.000     0.887     0.837     0.836     0.843
stage1-step1413814                      0.166     0.270     0.339     0.330     0.375     0.407     0.453     0.493     0.554     0.585     0.744     0.887     1.000     0.862     0.868     0.873
stage2-step47684                        0.153     0.252     0.337     0.328     0.364     0.395     0.452     0.477     0.543     0.558     0.721     0.837     0.862     1.000     0.904     0.911
stage3-step11921                        0.166     0.289     0.355     0.350     0.388     0.418     0.463     0.501     0.558     0.594     0.717     0.836     0.868     0.904     1.000     0.996
main                                    0.170     0.290     0.358     0.350     0.389     0.420     0.465     0.503     0.560     0.596     0.725     0.843     0.873     0.911     0.996     1.000

Similarity to main:
  stage3-step11921                     0.9964
  stage2-step47684                     0.9106
  stage1-step1413814                   0.8726
  stage1-step707000                    0.8432
  stage1-step297000                    0.7245
  stage1-step99000                     0.5959
  stage1-step50000                     0.5598
  stage1-step30000                     0.5030
  stage1-step20000                     0.4653
  stage1-step15000                     0.4195
  stage1-step10000                     0.3886
  stage1-step7000                      0.3582
  stage1-step9000                      0.3504
  stage1-step5000                      0.2901
  stage1-step3000                      0.1701
