Model: Olmo-3-1025-7B
Trait: evil_character_neutral_q
Layer: 18
Vec type: response_avg_diff

Pairwise cosine similarity matrix:
                                      s1-5000   s1-7000   s1-9000  s1-10000  s1-15000  s1-20000  s1-30000  s1-50000  s1-99000 s1-100000 s1-150000 s1-200000 s1-250000 s1-297000 s1-350000 s1-450000 s1-500000 s1-550000 s1-650000 s1-707000s1-1000000s1-1004000s1-1413814   s2-1000   s2-5000  s2-10000  s2-20000  s2-30000  s2-40000  s2-47684   s3-1000  s3-11921      main
stage1-step5000                         1.000     0.537     0.524     0.572     0.547     0.460     0.435     0.398     0.393     0.407     0.354     0.368     0.357     0.336     0.308     0.283     0.276     0.267     0.263     0.278     0.249     0.231     0.227     0.221     0.242     0.237     0.220     0.232     0.215     0.219     0.219     0.236     0.236
stage1-step7000                         0.537     1.000     0.613     0.653     0.653     0.569     0.537     0.476     0.461     0.463     0.434     0.441     0.401     0.412     0.387     0.352     0.347     0.340     0.337     0.334     0.300     0.302     0.287     0.271     0.313     0.283     0.296     0.311     0.293     0.296     0.314     0.307     0.307
stage1-step9000                         0.524     0.613     1.000     0.785     0.711     0.656     0.654     0.576     0.545     0.507     0.504     0.494     0.477     0.464     0.447     0.436     0.416     0.397     0.388     0.377     0.353     0.350     0.331     0.321     0.355     0.331     0.350     0.365     0.332     0.337     0.357     0.356     0.357
stage1-step10000                        0.572     0.653     0.785     1.000     0.838     0.748     0.749     0.661     0.650     0.607     0.574     0.567     0.534     0.528     0.507     0.492     0.465     0.455     0.454     0.434     0.401     0.404     0.386     0.361     0.389     0.386     0.389     0.406     0.359     0.361     0.401     0.401     0.401
stage1-step15000                        0.547     0.653     0.711     0.838     1.000     0.802     0.790     0.711     0.680     0.647     0.611     0.608     0.561     0.556     0.545     0.511     0.491     0.482     0.481     0.465     0.428     0.429     0.412     0.388     0.423     0.426     0.425     0.436     0.397     0.398     0.432     0.432     0.432
stage1-step20000                        0.460     0.569     0.656     0.748     0.802     1.000     0.843     0.780     0.719     0.709     0.676     0.655     0.621     0.615     0.603     0.565     0.557     0.538     0.516     0.514     0.464     0.473     0.454     0.431     0.465     0.447     0.459     0.473     0.441     0.445     0.465     0.475     0.475
stage1-step30000                        0.435     0.537     0.654     0.749     0.790     0.843     1.000     0.852     0.783     0.766     0.732     0.721     0.684     0.660     0.659     0.620     0.599     0.576     0.568     0.549     0.512     0.519     0.497     0.473     0.506     0.497     0.503     0.512     0.478     0.478     0.512     0.509     0.509
stage1-step50000                        0.398     0.476     0.576     0.661     0.711     0.780     0.852     1.000     0.799     0.795     0.768     0.742     0.715     0.683     0.683     0.633     0.615     0.591     0.573     0.570     0.539     0.536     0.516     0.493     0.525     0.531     0.521     0.536     0.499     0.506     0.538     0.533     0.532
stage1-step99000                        0.393     0.461     0.545     0.650     0.680     0.719     0.783     0.799     1.000     0.894     0.853     0.831     0.773     0.758     0.749     0.709     0.683     0.658     0.665     0.641     0.591     0.602     0.583     0.525     0.559     0.563     0.565     0.581     0.529     0.534     0.583     0.587     0.586
stage1-step100000                       0.407     0.463     0.507     0.607     0.647     0.709     0.766     0.795     0.894     1.000     0.849     0.820     0.788     0.763     0.753     0.699     0.684     0.661     0.651     0.645     0.599     0.602     0.582     0.538     0.560     0.562     0.555     0.570     0.534     0.541     0.575     0.574     0.573
stage1-step150000                       0.354     0.434     0.504     0.574     0.611     0.676     0.732     0.768     0.853     0.849     1.000     0.885     0.853     0.829     0.816     0.779     0.759     0.733     0.714     0.714     0.649     0.673     0.642     0.596     0.628     0.624     0.621     0.642     0.605     0.614     0.646     0.651     0.651
stage1-step200000                       0.368     0.441     0.494     0.567     0.608     0.655     0.721     0.742     0.831     0.820     0.885     1.000     0.881     0.870     0.858     0.805     0.785     0.778     0.770     0.755     0.698     0.708     0.678     0.604     0.666     0.648     0.654     0.675     0.640     0.648     0.668     0.677     0.678
stage1-step250000                       0.357     0.401     0.477     0.534     0.561     0.621     0.684     0.715     0.773     0.788     0.853     0.881     1.000     0.891     0.879     0.839     0.811     0.808     0.775     0.773     0.719     0.736     0.700     0.633     0.686     0.660     0.671     0.689     0.658     0.669     0.682     0.691     0.692
stage1-step297000                       0.336     0.412     0.464     0.528     0.556     0.615     0.660     0.683     0.758     0.763     0.829     0.870     0.891     1.000     0.901     0.871     0.846     0.849     0.834     0.818     0.764     0.785     0.752     0.671     0.729     0.699     0.716     0.736     0.702     0.714     0.713     0.727     0.729
stage1-step350000                       0.308     0.387     0.447     0.507     0.545     0.603     0.659     0.683     0.749     0.753     0.816     0.858     0.879     0.901     1.000     0.880     0.866     0.867     0.842     0.836     0.777     0.801     0.767     0.669     0.737     0.722     0.734     0.752     0.728     0.736     0.730     0.750     0.751
stage1-step450000                       0.283     0.352     0.436     0.492     0.511     0.565     0.620     0.633     0.709     0.699     0.779     0.805     0.839     0.871     0.880     1.000     0.897     0.885     0.882     0.869     0.810     0.844     0.809     0.730     0.775     0.745     0.771     0.800     0.760     0.768     0.757     0.785     0.786
stage1-step500000                       0.276     0.347     0.416     0.465     0.491     0.557     0.599     0.615     0.683     0.684     0.759     0.785     0.811     0.846     0.866     0.897     1.000     0.892     0.879     0.877     0.834     0.861     0.834     0.739     0.791     0.767     0.781     0.810     0.773     0.786     0.776     0.803     0.803
stage1-step550000                       0.267     0.340     0.397     0.455     0.482     0.538     0.576     0.591     0.658     0.661     0.733     0.778     0.808     0.849     0.867     0.885     0.892     1.000     0.896     0.894     0.856     0.883     0.853     0.736     0.806     0.771     0.793     0.820     0.798     0.812     0.782     0.809     0.810
stage1-step650000                       0.263     0.337     0.388     0.454     0.481     0.516     0.568     0.573     0.665     0.651     0.714     0.770     0.775     0.834     0.842     0.882     0.879     0.896     1.000     0.914     0.876     0.892     0.866     0.738     0.815     0.785     0.809     0.837     0.792     0.798     0.798     0.818     0.819
stage1-step707000                       0.278     0.334     0.377     0.434     0.465     0.514     0.549     0.570     0.641     0.645     0.714     0.755     0.773     0.818     0.836     0.869     0.877     0.894     0.914     1.000     0.890     0.905     0.886     0.766     0.839     0.816     0.823     0.851     0.813     0.830     0.815     0.848     0.848
stage1-step1000000                      0.249     0.300     0.353     0.401     0.428     0.464     0.512     0.539     0.591     0.599     0.649     0.698     0.719     0.764     0.777     0.810     0.834     0.856     0.876     0.890     1.000     0.927     0.904     0.760     0.838     0.822     0.819     0.850     0.808     0.830     0.815     0.838     0.836
stage1-step1004000                      0.231     0.302     0.350     0.404     0.429     0.473     0.519     0.536     0.602     0.602     0.673     0.708     0.736     0.785     0.801     0.844     0.861     0.883     0.892     0.905     0.927     1.000     0.929     0.799     0.853     0.833     0.839     0.874     0.836     0.851     0.843     0.871     0.871
stage1-step1413814                      0.227     0.287     0.331     0.386     0.412     0.454     0.497     0.516     0.583     0.582     0.642     0.678     0.700     0.752     0.767     0.809     0.834     0.853     0.866     0.886     0.904     0.929     1.000     0.811     0.855     0.836     0.825     0.876     0.828     0.852     0.850     0.876     0.877
stage2-step1000                         0.221     0.271     0.321     0.361     0.388     0.431     0.473     0.493     0.525     0.538     0.596     0.604     0.633     0.671     0.669     0.730     0.739     0.736     0.738     0.766     0.760     0.799     0.811     1.000     0.790     0.745     0.751     0.772     0.721     0.744     0.745     0.766     0.768
stage2-step5000                         0.242     0.313     0.355     0.389     0.423     0.465     0.506     0.525     0.559     0.560     0.628     0.666     0.686     0.729     0.737     0.775     0.791     0.806     0.815     0.839     0.838     0.853     0.855     0.790     1.000     0.849     0.856     0.883     0.858     0.873     0.844     0.864     0.866
stage2-step10000                        0.237     0.283     0.331     0.386     0.426     0.447     0.497     0.531     0.563     0.562     0.624     0.648     0.660     0.699     0.722     0.745     0.767     0.771     0.785     0.816     0.822     0.833     0.836     0.745     0.849     1.000     0.836     0.859     0.843     0.848     0.813     0.842     0.843
stage2-step20000                        0.220     0.296     0.350     0.389     0.425     0.459     0.503     0.521     0.565     0.555     0.621     0.654     0.671     0.716     0.734     0.771     0.781     0.793     0.809     0.823     0.819     0.839     0.825     0.751     0.856     0.836     1.000     0.903     0.898     0.902     0.833     0.856     0.856
stage2-step30000                        0.232     0.311     0.365     0.406     0.436     0.473     0.512     0.536     0.581     0.570     0.642     0.675     0.689     0.736     0.752     0.800     0.810     0.820     0.837     0.851     0.850     0.874     0.876     0.772     0.883     0.859     0.903     1.000     0.923     0.938     0.897     0.915     0.917
stage2-step40000                        0.215     0.293     0.332     0.359     0.397     0.441     0.478     0.499     0.529     0.534     0.605     0.640     0.658     0.702     0.728     0.760     0.773     0.798     0.792     0.813     0.808     0.836     0.828     0.721     0.858     0.843     0.898     0.923     1.000     0.980     0.841     0.877     0.878
stage2-step47684                        0.219     0.296     0.337     0.361     0.398     0.445     0.478     0.506     0.534     0.541     0.614     0.648     0.669     0.714     0.736     0.768     0.786     0.812     0.798     0.830     0.830     0.851     0.852     0.744     0.873     0.848     0.902     0.938     0.980     1.000     0.868     0.900     0.901
stage3-step1000                         0.219     0.314     0.357     0.401     0.432     0.465     0.512     0.538     0.583     0.575     0.646     0.668     0.682     0.713     0.730     0.757     0.776     0.782     0.798     0.815     0.815     0.843     0.850     0.745     0.844     0.813     0.833     0.897     0.841     0.868     1.000     0.915     0.918
stage3-step11921                        0.236     0.307     0.356     0.401     0.432     0.475     0.509     0.533     0.587     0.574     0.651     0.677     0.691     0.727     0.750     0.785     0.803     0.809     0.818     0.848     0.838     0.871     0.876     0.766     0.864     0.842     0.856     0.915     0.877     0.900     0.915     1.000     0.999
main                                    0.236     0.307     0.357     0.401     0.432     0.475     0.509     0.532     0.586     0.573     0.651     0.678     0.692     0.729     0.751     0.786     0.803     0.810     0.819     0.848     0.836     0.871     0.877     0.768     0.866     0.843     0.856     0.917     0.878     0.901     0.918     0.999     1.000

Similarity to main:
  stage3-step11921                     0.9989
  stage3-step1000                      0.9180
  stage2-step30000                     0.9167
  stage2-step47684                     0.9010
  stage2-step40000                     0.8781
  stage1-step1413814                   0.8768
  stage1-step1004000                   0.8712
  stage2-step5000                      0.8662
  stage2-step20000                     0.8563
  stage1-step707000                    0.8484
  stage2-step10000                     0.8429
  stage1-step1000000                   0.8364
  stage1-step650000                    0.8188
  stage1-step550000                    0.8105
  stage1-step500000                    0.8030
  stage1-step450000                    0.7861
  stage2-step1000                      0.7682
  stage1-step350000                    0.7508
  stage1-step297000                    0.7288
  stage1-step250000                    0.6917
  stage1-step200000                    0.6780
  stage1-step150000                    0.6513
  stage1-step99000                     0.5865
  stage1-step100000                    0.5734
  stage1-step50000                     0.5324
  stage1-step30000                     0.5088
  stage1-step20000                     0.4753
  stage1-step15000                     0.4319
  stage1-step10000                     0.4014
  stage1-step9000                      0.3569
  stage1-step7000                      0.3074
  stage1-step5000                      0.2365
